272 3
273 4
274 2
275 3
276 8
277 1
278 9
279 4
280 4
281 5
282 10
283 7
284 7
285 10
286 10
287 2
288 2
289 6
290 1
291 1
292 3
293 7
295 -1
296 8
297 3
298 6
299 1
301 8
303 9
304 2
305 7
306 2
307 10
308 3
309 9
311 7
312 5
313 9
314 2
315 5
316 10
317 6
318 7
319 5
320 5
321 9
322 5
323 4
324 8
325 10
326 10
327 7
329 2
330 6
331 1
333 9
334 3
335 6
336 5
337 2
338 9
339 8
340 10
341 7
343 7
344 6
345 9
346 4
347 6
348 6
349 1
350 1
351 1
352 10
353 10
354 8
355 9
356 3
357 5
358 2
359 10
360 5
361 6
363 4
364 5
365 8
366 3
367 1
368 10
369 1
