272 9
273 4
275 2
276 1
277 5
279 9
280 10
281 10
282 10
283 8
284 9
286 3
287 1
288 9
289 1
290 3
291 9
292 8
293 7
295 10
296 9
297 -1
298 6
300 1
301 5
302 6
303 9
304 -1
306 9
307 2
308 4
310 9
311 4
312 3
313 -1
314 4
315 9
316 3
318 -1
319 -1
320 1
322 1
323 3
324 4
325 4
326 2
327 6
328 8
329 -1
330 8
331 6
332 8
333 4
334 5
335 5
336 7
337 4
338 9
339 3
340 2
341 6
342 8
343 9
345 4
346 4
347 4
348 6
349 8
352 10
353 5
354 3
356 5
357 7
358 6
359 9
360 10
361 6
362 2
363 7
364 -1
365 9
366 7
367 4
368 3
369 8
