177 4
178 2
179 8
180 4
181 9
182 9
183 4
185 10
186 4
187 4
188 3
189 3
191 4
192 6
193 10
194 4
195 1
196 7
197 9
198 5
201 7
202 8
203 1
205 4
206 10
207 6
208 6
209 1
210 10
211 2
212 10
213 8
214 3
215 10
217 5
218 4
219 8
221 7
222 2
223 10
224 -1
225 9
226 4
227 7
229 9
230 5
231 1
232 4
233 1
234 9
235 2
236 6
237 3
238 4
239 2
240 7
241 7
242 2
243 1
244 2
245 6
246 2
247 10
248 5
249 4
250 10
251 3
252 7
255 9
256 1
257 6
258 3
259 6
260 7
261 3
262 9
263 6
264 2
265 4
266 5
267 6
268 5
269 5
270 1
271 10
