179 4
180 6
181 3
182 7
183 1
184 10
185 4
186 6
187 9
188 5
190 5
191 10
192 8
194 2
195 6
196 8
197 5
198 6
199 -1
200 6
201 7
202 7
203 9
204 7
205 1
207 7
208 5
209 6
210 8
212 10
213 5
214 -1
215 3
216 8
217 5
218 8
220 6
221 2
222 4
223 8
224 7
225 -1
226 3
227 9
228 1
229 2
230 9
231 8
233 2
234 3
235 9
236 9
237 7
238 4
239 1
240 10
241 2
243 9
244 10
245 8
246 5
247 2
248 4
249 8
250 2
251 4
252 10
253 9
254 7
255 -1
256 7
257 1
258 2
259 10
260 2
261 10
262 4
263 2
264 3
265 7
266 7
267 -1
268 7
269 2
