178 7
179 1
180 10
181 5
182 1
183 3
184 2
185 6
186 8
187 5
188 10
190 1
191 9
192 5
193 6
194 2
195 10
196 7
197 5
198 9
199 4
200 7
201 2
202 10
203 9
204 2
205 7
206 5
208 9
209 7
210 2
211 6
212 6
213 4
214 3
215 4
216 1
217 -1
219 10
220 7
221 2
222 1
223 9
225 -1
226 3
228 7
230 9
231 1
232 -1
233 1
234 8
235 5
236 4
237 6
238 1
239 2
240 3
241 6
242 1
243 4
244 8
245 7
246 2
247 10
248 1
249 2
250 10
252 9
253 9
254 8
255 1
256 5
257 2
258 5
259 6
260 2
261 3
262 4
263 9
264 6
267 6
268 2
269 5
270 1
271 3
