272 3
273 6
274 10
275 6
277 2
278 8
279 4
280 7
281 9
282 8
284 8
285 -1
287 6
289 5
290 9
292 7
295 6
296 2
297 8
299 6
300 3
301 -1
302 6
303 2
304 6
305 3
306 7
307 1
308 8
309 8
310 2
311 4
312 8
314 6
315 7
316 2
317 3
318 -1
319 2
320 8
321 7
322 10
323 1
325 -1
326 4
327 3
329 8
331 7
332 6
333 4
334 7
335 2
336 8
338 7
339 5
340 7
341 9
342 8
343 8
344 8
345 3
346 2
347 8
348 3
349 10
350 4
351 1
352 4
354 7
355 2
356 7
357 4
358 2
359 6
360 -1
361 9
362 2
363 9
364 6
365 8
366 1
367 3
368 6
