272 7
273 2
274 5
275 6
276 7
277 10
278 5
280 -1
281 7
282 4
283 9
284 7
285 9
286 3
287 5
288 4
289 1
291 3
293 10
294 8
295 4
296 6
297 7
298 8
299 4
300 4
301 10
302 1
303 4
304 4
306 7
307 10
309 2
310 4
311 7
312 10
313 1
314 7
315 1
316 3
317 10
318 1
319 4
320 7
321 4
322 6
323 2
324 1
325 1
326 -1
327 6
328 8
330 1
331 4
332 1
334 10
335 2
337 1
338 6
339 8
340 1
341 5
342 4
343 10
344 6
345 3
346 9
348 3
350 1
351 2
352 7
353 7
355 5
356 10
357 8
359 6
361 8
362 6
363 4
364 2
365 4
366 6
367 1
368 10
369 2
