177 8
178 5
179 8
181 9
182 2
183 9
184 7
185 2
186 5
187 1
188 3
189 7
190 10
191 5
192 10
193 7
195 1
196 6
197 5
198 3
199 7
200 8
202 8
203 3
204 1
205 6
206 6
207 10
208 8
209 8
210 -1
211 5
212 4
213 7
215 2
216 1
217 2
218 6
219 5
220 7
221 9
222 9
223 6
224 10
225 7
227 10
228 4
229 8
230 7
231 7
232 6
233 9
234 7
235 1
236 7
237 8
238 7
239 2
240 4
241 8
242 2
243 10
244 5
245 9
246 2
247 10
248 4
249 1
250 9
251 4
252 7
253 3
254 1
255 8
256 6
257 7
258 10
259 7
260 5
261 5
262 2
263 7
264 3
265 6
267 4
268 9
269 3
270 7
271 2
