177 3
178 9
179 2
180 2
182 9
183 9
184 7
185 9
186 2
187 3
188 1
191 10
192 4
193 5
194 2
195 10
196 10
197 2
198 1
199 3
201 10
203 10
204 7
205 7
206 3
207 7
209 2
210 10
211 1
212 2
213 2
214 8
215 9
216 7
217 1
218 7
219 8
220 2
222 4
223 6
225 8
226 3
227 4
228 4
229 2
230 1
231 10
232 2
233 1
234 6
235 10
236 10
237 2
239 6
240 4
241 5
242 5
243 9
244 10
245 5
246 6
247 7
248 4
249 3
250 8
251 7
252 2
253 2
254 9
255 3
256 8
257 10
258 8
259 5
260 8
261 10
262 2
263 2
264 9
265 1
266 9
267 7
269 9
270 5
271 2
