177 7
178 8
179 3
180 8
181 9
182 9
183 1
184 4
185 6
186 2
187 1
188 9
189 4
190 4
191 9
192 7
193 9
194 7
195 5
197 9
198 7
199 3
200 1
201 10
202 5
204 5
206 1
207 5
208 6
210 6
211 2
212 3
213 5
214 10
215 3
216 1
218 7
219 6
220 6
221 1
222 -1
224 10
225 6
226 9
227 9
228 7
229 9
230 3
231 1
232 1
233 6
234 8
235 10
236 4
239 3
240 1
241 2
242 9
243 4
244 3
245 7
247 3
248 5
249 7
250 5
252 10
253 7
254 6
255 4
256 10
257 6
258 2
259 7
261 9
262 2
263 10
264 9
266 8
267 2
268 8
269 5
270 2
271 8
