370 8
371 3
372 4
373 6
374 1
375 3
376 5
377 9
378 10
380 5
382 5
383 10
384 9
385 2
386 10
387 6
388 10
389 7
390 4
391 8
392 9
394 1
395 4
396 9
397 6
398 3
399 6
400 9
401 1
402 1
403 2
405 4
406 2
407 9
408 1
409 10
410 3
411 2
412 8
413 9
414 2
415 7
416 9
417 5
418 3
419 5
420 10
421 3
422 10
423 3
424 4
425 1
426 4
427 5
428 5
429 10
430 6
431 8
432 3
433 10
434 8
435 5
436 8
437 10
438 4
439 7
440 2
441 1
442 8
443 7
444 3
445 10
446 6
447 4
448 5
449 7
450 4
451 6
452 2
453 9
454 10
455 5
456 2
