272 1
273 7
274 8
275 7
276 1
277 5
278 5
279 7
280 2
281 1
282 6
283 7
284 2
285 9
286 7
288 8
289 4
290 1
291 6
293 4
294 10
295 2
296 7
298 7
299 9
301 9
302 8
303 3
304 3
305 4
306 1
307 2
308 2
309 10
310 9
311 1
313 10
314 8
315 6
316 7
317 3
318 8
319 8
320 8
323 1
324 3
326 9
327 2
328 1
329 2
330 7
331 8
332 4
333 6
334 1
335 8
336 5
337 8
338 7
339 3
341 8
342 9
343 3
344 10
345 6
346 3
347 7
348 2
349 5
350 6
351 8
353 9
354 5
356 10
357 1
358 3
359 6
360 7
361 9
362 7
363 8
364 8
365 8
366 1
367 9
368 8
369 2
