177 10
178 4
180 1
181 1
182 7
183 8
184 5
185 8
186 8
187 2
188 2
189 9
190 9
192 8
193 8
194 6
195 5
196 6
197 3
198 6
200 3
201 2
202 10
204 2
205 10
206 8
207 3
208 9
209 6
210 2
211 7
213 2
214 5
215 4
216 5
217 6
218 9
219 2
220 5
221 1
222 5
223 4
224 2
225 2
226 3
227 1
228 7
230 8
231 9
232 7
233 5
234 2
235 3
236 5
237 6
238 8
239 3
240 -1
241 6
242 5
245 3
246 5
247 4
248 4
249 10
250 1
251 9
252 2
253 7
254 10
255 10
258 5
259 10
260 4
261 8
262 5
263 1
264 10
265 7
266 2
267 3
268 10
269 9
270 1
271 8
