355 4
356 7
357 10
359 2
360 10
361 1
362 5
363 6
364 7
365 4
366 1
367 3
368 4
369 1
370 1
371 8
372 5
373 2
374 3
375 9
377 10
378 1
379 1
380 5
381 9
382 7
384 1
385 5
386 4
387 4
388 10
389 8
390 7
391 1
392 7
393 8
394 10
396 4
397 3
398 3
399 4
400 3
401 5
404 1
405 10
406 1
407 8
408 1
409 2
410 7
411 10
412 6
413 2
414 1
415 4
416 10
417 1
418 3
419 10
420 8
421 4
422 10
423 5
424 2
425 1
426 10
427 6
428 8
429 4
430 7
431 5
434 7
436 4
437 1
438 7
439 7
440 9
441 8
442 1
443 3
444 10
445 9
446 1
447 5
448 1
