355 8
356 2
357 7
358 -1
360 5
361 1
362 7
363 4
364 7
366 9
367 7
368 10
369 6
370 3
371 6
373 1
374 10
375 1
376 -1
377 9
378 -1
379 10
380 2
381 3
382 4
383 9
384 2
386 5
387 8
388 6
389 2
390 6
391 6
392 8
393 4
394 8
396 6
397 6
398 7
399 8
401 8
402 2
403 5
404 2
405 9
406 9
407 4
408 5
409 3
410 2
411 5
412 9
413 6
414 10
415 2
416 8
417 1
418 9
419 2
420 6
421 1
423 1
424 9
425 1
426 3
427 7
428 6
429 8
430 7
432 1
433 7
436 6
437 9
438 8
439 3
440 7
441 7
442 8
443 6
444 1
445 4
446 4
447 4
448 4
