355 9
356 3
357 6
358 7
359 6
360 3
361 2
362 2
363 6
364 8
365 2
366 7
367 1
368 5
369 6
370 1
371 7
372 6
373 6
374 9
375 8
376 7
377 9
378 2
379 8
380 8
381 2
383 2
384 1
385 8
386 3
387 2
388 3
389 2
390 6
391 3
392 2
393 4
394 8
395 5
396 5
398 1
399 5
400 8
401 9
402 4
403 8
405 9
406 4
408 9
409 10
410 10
411 8
412 6
413 10
414 7
415 4
416 7
417 4
418 3
420 9
422 2
423 7
424 5
425 7
426 4
427 7
428 7
429 9
430 7
432 1
433 9
434 3
435 8
436 8
437 10
438 10
439 6
440 4
441 10
442 8
443 9
444 1
445 3
446 5
447 5
448 9
