355 8
356 4
357 -1
358 7
359 6
360 1
361 1
362 7
363 1
364 1
365 9
366 4
367 1
368 8
369 8
370 9
371 9
372 3
373 9
374 8
376 6
377 6
378 3
379 8
380 10
381 6
382 1
383 9
384 7
385 2
386 3
387 2
388 4
389 3
390 3
391 2
392 5
393 6
394 8
395 3
397 8
398 5
399 3
400 10
401 6
402 7
403 4
404 7
405 7
408 3
409 1
410 8
411 3
412 7
414 5
415 1
416 6
417 2
418 1
419 5
420 6
421 1
422 9
423 6
424 6
425 6
427 2
428 5
429 5
430 2
431 1
432 3
433 10
434 4
435 1
436 3
437 2
438 7
439 10
440 3
441 6
442 7
443 3
444 9
446 2
447 7
448 4
