182 5
183 4
184 3
185 5
188 8
189 2
190 7
191 6
192 1
193 9
194 8
195 4
196 10
197 2
198 1
199 10
200 5
201 6
202 10
203 6
204 3
207 6
208 5
209 1
210 6
211 6
212 9
213 9
214 8
215 6
216 10
217 -1
218 1
219 3
221 2
222 9
223 1
224 9
225 1
226 2
227 8
228 9
229 5
230 6
231 9
232 3
233 1
235 7
236 1
237 4
238 5
239 -1
240 3
241 6
242 10
243 5
244 10
245 6
246 6
247 1
248 9
249 2
250 6
251 9
252 3
253 8
254 7
255 5
256 5
257 7
258 7
259 10
260 10
262 8
263 3
264 10
266 4
267 4
269 8
270 1
271 5
272 7
