355 6
356 8
357 9
358 9
359 5
360 10
361 10
362 1
363 1
364 9
366 2
367 6
368 6
369 9
370 6
371 4
372 5
373 4
374 9
375 3
377 6
378 8
379 5
380 -1
381 7
382 7
383 2
384 8
385 9
386 6
387 4
388 5
389 9
390 3
393 3
394 1
397 6
398 6
399 1
400 8
401 10
402 7
403 7
404 4
405 9
406 2
407 9
408 9
409 9
410 5
411 1
413 7
414 5
415 3
416 7
417 1
418 1
419 9
420 3
421 2
422 2
423 1
424 9
425 2
426 6
427 2
429 6
430 7
431 7
432 3
433 5
434 3
435 6
436 2
437 5
438 6
439 9
440 6
441 7
442 3
443 3
444 -1
445 1
446 1
