182 5
183 2
185 4
186 6
187 5
188 3
189 9
191 9
192 4
193 1
194 4
195 5
196 2
197 5
198 -1
199 10
200 7
201 2
202 5
203 5
204 3
205 4
206 3
207 4
208 6
209 4
211 2
212 10
213 2
214 8
215 6
216 2
217 7
218 2
219 2
221 2
222 3
223 -1
224 2
225 2
226 -1
227 9
228 2
229 6
230 3
231 3
233 9
234 1
235 2
236 4
237 7
238 8
239 2
240 9
241 8
242 6
243 1
244 3
245 10
247 1
248 3
249 8
250 -1
251 4
252 10
253 4
254 7
255 10
256 7
257 8
258 1
259 2
260 6
261 6
262 8
263 8
264 4
265 9
266 4
267 5
268 7
269 2
270 -1
271 2
272 7
273 5
