182 6
183 9
184 9
185 9
186 1
187 1
188 5
189 8
190 7
191 9
192 4
193 6
194 6
195 1
196 6
197 1
198 7
199 5
200 7
202 7
203 2
204 6
205 6
206 4
207 7
208 1
209 1
210 4
211 1
212 8
213 3
214 5
216 2
217 6
218 6
219 9
220 8
221 9
222 9
223 10
225 5
226 2
227 3
228 5
229 9
230 3
231 2
232 9
233 1
234 8
235 5
236 2
237 6
238 10
239 7
240 3
241 9
242 -1
243 9
244 3
245 6
247 7
248 3
249 5
250 4
251 8
252 7
253 9
254 8
255 6
256 8
257 1
258 2
259 4
260 9
261 7
262 7
263 9
264 3
265 6
266 9
267 1
268 4
269 1
270 2
271 6
272 6
273 9
