183 6
184 1
185 2
186 4
187 6
189 3
190 6
191 9
192 6
193 3
194 4
195 7
197 7
198 -1
199 10
200 9
201 3
202 4
203 2
205 7
206 3
207 9
208 5
209 4
210 8
211 1
212 7
213 3
214 2
215 5
216 9
217 1
218 5
219 2
220 7
221 6
222 5
223 3
225 8
226 6
227 10
228 2
229 10
232 3
233 2
234 3
235 4
236 1
237 8
238 1
239 4
240 5
241 1
242 8
243 9
244 1
245 7
246 3
247 8
248 5
249 7
250 10
251 1
252 1
253 9
254 5
256 10
257 3
259 8
260 10
261 7
262 1
263 7
265 2
266 5
267 10
268 6
269 9
270 8
271 5
272 3
273 10
