355 -1
356 9
357 4
358 7
359 6
360 9
361 10
362 1
363 10
364 3
365 7
366 10
367 4
368 5
369 6
370 8
371 6
372 5
373 6
374 2
375 7
376 9
377 -1
378 6
379 8
380 7
381 8
382 10
383 7
385 6
386 7
387 4
388 3
389 2
390 5
391 3
392 1
393 10
394 2
396 7
397 3
398 1
399 7
400 7
401 3
402 8
403 2
404 7
405 7
406 5
407 9
408 1
409 9
410 7
411 9
412 5
413 9
414 8
415 9
416 3
417 10
418 3
419 7
420 5
421 4
422 10
423 8
424 9
425 6
426 1
427 2
428 6
429 8
430 2
431 9
432 1
433 2
434 1
435 4
436 2
438 1
439 7
440 10
441 10
442 4
443 3
445 4
447 2
448 8
