355 6
356 1
357 3
358 1
359 7
361 3
362 5
363 3
364 2
365 1
366 3
367 8
368 10
369 6
370 4
371 9
372 3
373 2
374 3
375 2
376 8
377 7
378 5
379 6
380 7
381 6
382 8
383 6
385 8
386 2
387 4
388 10
389 5
390 5
391 3
393 2
394 6
395 6
396 1
397 2
398 8
399 3
400 4
401 6
402 2
403 6
404 4
405 9
406 2
407 3
409 10
410 6
411 5
412 5
413 9
414 6
415 7
416 9
417 3
418 8
420 8
421 8
422 2
423 6
425 2
426 1
427 8
428 1
429 9
430 2
431 4
432 6
433 5
434 3
435 4
436 3
437 1
438 9
439 3
440 1
441 4
442 10
443 5
444 3
445 5
446 3
447 2
