355 -1
356 6
357 2
359 5
360 2
361 4
362 6
363 4
364 6
365 3
366 5
367 5
370 5
371 4
372 8
373 4
374 3
375 9
377 6
378 9
381 2
382 10
383 10
384 3
385 3
386 6
388 7
389 5
390 4
391 6
392 10
393 8
394 2
396 2
397 6
398 3
399 4
400 6
401 5
402 6
403 9
404 9
405 1
406 4
407 9
408 2
409 2
410 9
412 8
413 4
414 2
415 8
416 7
417 7
418 8
419 9
420 8
421 5
422 5
423 9
424 9
425 6
426 3
427 2
428 9
429 8
430 3
431 5
433 8
434 4
435 3
436 1
437 8
438 4
439 7
440 2
441 6
442 6
443 2
444 1
445 9
446 8
447 8
448 4
