182 2
183 8
184 1
185 -1
186 7
187 9
188 6
189 9
191 1
192 10
193 6
194 2
195 7
196 10
198 7
199 6
200 5
201 4
202 3
203 8
204 6
205 3
206 9
207 7
208 6
209 5
210 9
211 7
212 2
213 4
214 7
215 10
216 8
217 8
218 3
219 3
220 3
221 2
222 8
223 8
224 4
226 4
227 2
228 10
229 4
230 1
231 7
232 7
233 1
234 6
235 2
236 4
237 10
238 5
239 5
241 8
242 4
243 2
244 6
245 3
246 2
247 6
248 4
249 8
250 1
252 5
253 6
255 8
256 3
257 4
258 8
259 10
260 5
261 7
262 6
263 5
264 4
265 6
266 2
267 7
268 3
269 7
270 3
271 5
273 5
