355 2
356 2
357 7
358 1
361 7
362 2
363 5
364 7
365 10
366 9
367 6
368 9
369 6
370 3
372 6
373 3
374 4
376 9
377 6
378 9
379 8
381 6
382 7
383 9
384 4
385 9
386 -1
387 5
388 3
389 6
390 7
392 5
393 8
394 7
395 7
396 2
397 8
398 4
399 10
400 7
402 7
403 9
404 5
405 7
406 9
407 3
408 7
409 10
410 1
411 8
412 2
413 1
415 1
418 4
419 1
420 10
421 3
422 7
423 -1
424 10
425 5
426 2
427 9
428 10
429 7
430 9
431 7
432 7
433 1
434 7
435 10
436 4
438 2
439 3
440 7
441 1
442 4
443 10
444 3
445 9
446 7
447 4
448 10
