182 4
184 2
185 1
186 8
187 8
188 7
189 10
190 4
191 1
192 2
193 3
194 10
195 7
196 9
197 8
198 6
199 3
200 3
201 6
202 1
203 6
204 2
206 7
207 3
208 4
210 8
211 8
212 1
213 6
214 4
215 -1
216 7
217 9
218 3
220 3
223 4
224 7
226 2
227 4
228 8
229 10
230 5
231 1
232 10
233 5
234 1
235 8
236 9
237 -1
238 1
239 1
240 8
241 4
242 8
243 2
244 2
245 6
246 6
247 5
248 4
249 9
250 4
251 1
252 5
253 7
255 5
256 8
257 9
258 9
259 5
260 9
261 1
262 7
263 8
264 3
265 4
266 3
267 8
268 1
269 4
270 4
271 4
272 4
273 7
