83 3
84 7
85 2
87 9
88 5
89 5
90 1
91 8
92 9
93 1
94 1
95 4
96 6
97 3
98 1
99 9
100 2
101 2
102 3
103 7
104 1
105 9
106 6
107 7
108 2
109 -1
110 1
111 7
112 2
113 9
114 2
115 2
116 2
118 4
119 9
120 6
121 1
122 9
123 10
125 8
126 1
127 4
128 7
129 6
130 5
131 8
134 10
135 1
136 3
137 6
138 9
139 10
140 7
141 10
142 10
143 8
145 -1
146 9
147 6
148 3
150 7
151 3
152 8
153 4
155 5
156 4
157 5
159 1
160 4
161 6
162 7
163 2
164 8
165 8
166 5
167 1
168 1
169 4
170 8
171 3
172 6
173 5
174 10
175 3
176 2
