177 10
178 6
179 4
180 5
182 5
183 9
184 1
185 6
186 8
187 6
188 6
189 1
190 3
194 6
195 7
196 4
197 8
198 5
199 6
200 1
201 5
202 7
203 3
204 10
205 7
206 5
207 4
208 4
209 8
210 9
211 5
212 6
213 1
214 2
215 4
216 3
217 7
218 8
219 10
220 6
221 10
222 3
223 6
224 7
225 2
226 8
227 3
228 1
229 10
230 9
231 3
232 1
233 3
234 10
235 6
236 9
237 8
238 6
239 8
240 9
241 7
242 4
243 7
244 10
245 6
246 4
247 6
248 3
249 7
252 5
253 6
254 7
255 2
257 2
258 2
259 4
260 6
261 5
262 3
263 5
264 7
265 6
266 9
267 9
268 10
269 1
270 10
271 4
