83 3
84 9
85 7
86 4
87 4
89 7
90 9
91 1
92 7
93 10
94 1
95 10
96 4
97 2
98 7
99 6
100 10
101 5
102 4
103 7
104 5
105 4
106 1
107 7
108 9
109 6
110 6
111 7
112 6
113 7
114 6
115 7
116 9
117 8
118 2
119 10
121 3
122 9
123 1
124 9
125 1
126 10
127 10
129 7
130 10
132 9
133 5
134 3
135 5
136 4
137 8
139 7
140 4
141 1
142 4
143 6
144 9
145 10
146 6
147 9
148 7
150 2
151 6
152 4
153 2
154 8
155 -1
156 10
157 5
159 6
160 7
162 7
165 1
166 6
167 8
168 9
169 -1
170 1
171 5
172 3
173 5
174 10
175 3
176 1
