177 5
178 -1
179 9
180 8
181 7
182 3
183 3
184 9
185 7
186 10
189 9
190 1
191 9
192 6
193 3
195 6
196 8
197 8
198 6
200 8
201 3
202 3
203 6
204 6
205 5
206 10
207 -1
208 3
209 2
210 1
211 9
212 7
213 2
214 9
215 3
216 2
217 9
218 2
219 7
220 4
221 7
222 9
223 2
224 4
225 8
226 10
227 7
229 10
230 3
231 2
233 1
234 3
235 8
236 9
237 9
238 5
239 10
240 1
241 3
242 6
243 7
244 7
245 4
246 7
247 6
248 7
249 9
250 7
251 5
252 5
253 7
254 5
255 5
256 9
257 3
258 2
259 3
260 8
261 7
263 4
264 1
265 8
267 6
268 7
269 6
270 8
271 8
