272 8
273 4
274 -1
275 10
277 5
278 6
279 5
280 5
281 7
282 6
283 3
284 1
285 10
287 3
288 4
289 10
290 6
291 7
293 10
294 7
295 5
297 8
298 5
299 7
300 6
301 7
302 8
303 9
304 3
305 10
306 9
307 3
308 4
309 5
310 2
311 6
313 3
314 6
316 5
317 8
318 10
319 6
320 6
321 1
322 2
323 -1
324 8
325 1
326 7
327 9
329 6
330 -1
331 4
332 1
334 10
335 9
338 6
339 9
341 4
342 1
343 9
344 6
345 10
346 4
348 3
350 3
351 5
352 6
353 4
354 4
355 2
356 1
357 9
358 10
359 -1
360 5
361 10
362 5
364 3
365 7
366 2
367 2
368 1
369 9
