83 1
84 4
85 5
86 1
87 3
88 4
89 8
90 8
91 9
93 7
94 1
95 9
96 5
97 1
98 3
99 6
100 2
101 7
102 7
103 5
104 1
106 1
107 6
108 2
109 6
110 10
111 6
112 7
113 6
115 8
116 9
117 9
118 4
119 6
121 7
122 10
123 2
124 6
125 10
126 4
127 2
128 9
129 6
130 2
131 3
133 7
134 1
135 2
136 1
137 10
138 9
139 9
140 9
141 10
142 9
143 6
144 9
145 6
146 7
147 7
148 1
150 2
151 10
152 8
153 1
154 2
155 5
156 3
157 10
158 3
159 4
161 2
162 10
163 2
164 3
165 4
166 3
167 10
168 5
169 7
171 6
172 1
173 7
174 4
175 7
176 6
