272 5
273 6
274 6
275 3
276 2
277 9
278 1
279 10
280 3
281 1
282 3
283 10
284 5
285 10
286 5
287 4
288 7
290 6
291 8
293 7
294 9
295 1
297 4
299 5
300 8
301 7
302 5
303 8
304 6
305 6
306 6
307 7
308 5
309 10
310 3
311 10
312 10
313 6
314 6
315 4
317 7
319 3
320 2
321 9
322 6
323 4
324 3
325 4
326 8
327 4
328 9
329 7
330 10
331 6
332 1
333 1
334 5
335 9
336 2
339 9
340 4
341 4
342 10
343 1
344 2
345 10
346 9
347 5
349 4
350 6
352 8
353 1
354 8
356 9
357 4
358 4
359 10
360 1
361 2
362 2
363 1
364 1
365 3
366 2
367 2
368 6
369 3
