83 4
84 1
85 7
86 7
87 6
88 9
89 9
91 1
92 4
93 10
94 10
95 6
96 9
97 3
98 1
99 5
100 7
101 3
102 7
103 10
104 5
105 1
106 3
107 5
108 4
109 8
110 6
111 1
112 -1
113 6
114 8
115 1
117 10
118 2
119 7
120 10
121 10
122 3
123 1
124 1
125 1
126 5
127 8
128 7
129 4
130 3
131 9
133 1
134 7
135 4
136 10
137 6
138 8
139 2
140 8
141 5
142 5
143 1
144 2
145 1
146 8
147 7
148 5
149 6
150 6
151 3
152 8
153 9
154 10
155 6
156 9
157 3
158 2
159 7
160 2
161 7
162 5
164 7
165 6
166 1
167 7
168 7
169 2
170 4
172 10
173 1
174 2
175 3
176 3
