370 9
371 9
372 9
373 7
374 2
375 8
376 5
377 6
378 10
379 10
380 3
381 6
382 8
383 8
384 7
385 2
386 5
387 6
388 7
389 10
390 10
391 9
392 2
393 1
395 4
396 1
397 7
398 3
399 -1
400 10
401 10
402 6
403 -1
404 3
405 7
406 -1
407 6
408 6
409 9
410 10
411 7
412 9
413 10
414 1
415 9
416 10
418 7
419 4
420 1
421 8
422 10
423 5
424 1
425 7
426 4
427 3
428 3
429 10
430 9
431 7
433 8
434 2
435 7
436 1
437 5
438 -1
439 9
440 9
441 6
442 7
443 5
444 7
446 7
447 7
448 3
449 2
450 7
451 7
454 8
455 7
456 2
