272 8
273 7
274 6
275 3
276 3
277 8
278 4
279 7
281 5
282 7
283 2
284 9
285 3
287 10
288 4
289 7
290 9
291 6
292 7
293 2
295 7
296 5
297 2
298 3
299 4
300 5
301 10
302 4
303 3
304 6
305 2
307 9
308 1
309 3
310 2
311 1
312 3
313 2
314 1
315 3
316 2
317 1
318 6
319 6
320 7
322 6
323 3
325 8
327 3
328 1
329 1
330 9
331 3
332 6
333 1
334 9
336 9
338 6
339 7
340 4
341 10
342 2
343 4
344 8
345 5
346 6
348 4
349 3
350 9
351 1
353 3
354 8
355 5
356 7
358 8
359 -1
361 3
362 10
363 5
364 9
365 9
366 5
367 1
368 5
369 4
