272 1
273 4
275 8
276 1
277 4
278 1
279 10
280 8
281 7
283 8
284 10
286 4
287 9
289 6
290 8
291 2
292 10
293 10
294 2
295 7
296 2
297 3
298 7
299 9
300 7
302 7
303 5
304 4
305 10
307 2
309 5
310 3
312 2
313 9
315 -1
316 2
317 10
318 2
319 5
320 10
322 -1
323 7
324 1
325 8
326 5
328 3
329 4
330 8
331 9
333 8
334 6
335 1
336 3
337 9
338 8
339 6
340 9
341 2
343 5
344 3
345 8
346 5
347 1
348 9
349 5
351 6
352 8
353 2
355 2
356 1
357 3
358 1
360 7
361 9
362 6
363 9
364 10
365 3
366 9
367 8
368 -1
369 10
