938 864 885 1074 1010 436 731 621 775 732 
1120 1208 1073 1132 1112 990 648 1018 1096 1080 
1348 1084 1080 1293 1231 1177 1043 1263 1063 1176 
1336 1454 1173 1407 1433 1450 1178 1225 1529 1296 
1552 1571 1462 1433 1209 1350 1333 1620 1400 1579 
1824 1553 1489 1152 1438 1662 1387 1482 1267 1461 
1430 1560 1430 1455 1671 1444 1351 1496 1534 1454 
1430 1228 1394 1079 1354 1579 1187 1417 1416 1311 
1143 1018 1088 1331 1352 1158 1319 1407 1789 1525 
1248 1136 1168 1098 1283 1284 1333 1265 1268 1336 
